top_category_name,middle_category_name,bottom_category_name,image_src,brand,name,volume,price,discount_rate,rating,review_count,delivery_info,color_image_src,color_name,bedge
라이프,키친/다이닝,세트,https://image.sivillage.com/upload/C00001/s3/goods/org/473/240206008816473.jpg?RS=450&SP=1,JAJU,한식 수저 세트 4P,N/A,N/A,N/A,4.9,212,N/A,,,N/A
라이프,키친/다이닝,세트,https://image.sivillage.com/upload/C00001/s3/goods/org/396/240206008816396.jpg?RS=450&SP=1,JAJU,자주 쓰는 아동 수저 세트,N/A,N/A,N/A,4.9,64,N/A,,,N/A
라이프,키친/다이닝,세트,https://image.sivillage.com/upload/C00001/s3/goods/org/323/240206008816323.jpg?RS=450&SP=1,JAJU,빨대세척솔3P_27cm,N/A,N/A,N/A,4.8,76,N/A,,,N/A
라이프,키친/다이닝,세트,https://image.sivillage.com/upload/C00001/s3/goods/org/397/240206008816397.jpg?RS=450&SP=1,JAJU,자주 쓰는 수저 세트,N/A,N/A,N/A,4.8,75,N/A,,,N/A
라이프,키친/다이닝,세트,https://image.sivillage.com/upload/C00001/goods/org/672/220623002688672.png?RS=450&SP=1&QT=20,JAJU,손이 편한 롱스푼 2P,N/A,N/A,N/A,4.9,171,N/A,,,N/A
라이프,키친/다이닝,세트,https://image.sivillage.com/upload/C00001/s3/goods/org/401/240206008816401.jpg?RS=450&SP=1&QT=20,JAJU,자주 쓰는 티포크 2P,N/A,N/A,N/A,4.9,78,N/A,,,N/A
라이프,키친/다이닝,세트,https://image.sivillage.com/upload/C00001/s3/goods/org/403/240206008816403.jpg?RS=450&SP=1&QT=20,JAJU,자주 쓰는 롱스푼 2P,N/A,N/A,N/A,4.9,85,N/A,,,N/A
라이프,키친/다이닝,세트,https://image.sivillage.com/upload/C00001/goods/org/694/220623002688694.png?RS=450&SP=1&QT=20,JAJU,손이 편한 젓가락 5P,N/A,N/A,N/A,4.8,41,N/A,,,N/A
라이프,키친/다이닝,세트,https://image.sivillage.com/upload/C00001/s3/goods/org/409/240208008871409.jpg?RS=450&SP=1&QT=20,JAJU,한손에 잡히는 수세미_4P,N/A,N/A,N/A,4.9,184,N/A,,,N/A
라이프,키친/다이닝,세트,https://image.sivillage.com/upload/C00001/s3/goods/org/400/240208008871400.jpg?RS=450&SP=1&QT=20,JAJU,봉투 클립 6P_대,N/A,N/A,N/A,4.9,202,N/A,,,N/A
라이프,키친/다이닝,세트,https://image.sivillage.com/upload/C00001/s3/goods/org/317/240206008816317.jpg?RS=450&SP=1&QT=20,JAJU,봉투 클립 4P_특대,N/A,N/A,N/A,4.9,92,N/A,,,N/A
라이프,키친/다이닝,세트,https://image.sivillage.com/upload/C00001/s3/goods/org/333/240206008816333.jpg?RS=450&SP=1&QT=20,JAJU,철 수세미_2P,N/A,N/A,N/A,4.8,43,N/A,,,N/A
라이프,키친/다이닝,세트,https://image.sivillage.com/upload/C00001/s3/goods/org/952/240902030307952.jpg?RS=450&SP=1&QT=20,LE CREUSET,[단독추석세트] 한식 풀세트- 쉬핑&엘리제 (10P),N/A,N/A,N/A,N/A,N/A,N/A,,,N/A
라이프,키친/다이닝,세트,https://image.sivillage.com/upload/C00001/s3/goods/org/316/240206008816316.jpg?RS=450&SP=1&QT=20,JAJU,코팅용기 전용 양면 수세미_2P,N/A,N/A,N/A,4.8,517,N/A,,,N/A
라이프,키친/다이닝,세트,https://image.sivillage.com/upload/C00001/s3/goods/org/402/240206008816402.jpg?RS=450&SP=1&QT=20,JAJU,자주 쓰는 티스푼 2P,N/A,N/A,N/A,4.9,57,N/A,,,N/A
라이프,키친/다이닝,세트,https://image.sivillage.com/upload/C00001/s3/goods/org/206/240206008816206.jpg?RS=450&SP=1&QT=20,JAJU,양식기 2인 세트8P_그레이,N/A,N/A,N/A,4.7,58,N/A,,,N/A
라이프,키친/다이닝,세트,https://image.sivillage.com/upload/C00001/goods/org/781/220623002684781.png?RS=450&SP=1&QT=20,JAJU,리넨 코스터 2P_12x12cm_화이트,N/A,N/A,N/A,5,2,N/A,,,N/A
라이프,키친/다이닝,세트,https://image.sivillage.com/upload/C00001/s3/goods/org/432/240206008816432.jpg?RS=450&SP=1&QT=20,JAJU,자주 쓰는 스테인리스 조리도구 6P,N/A,N/A,N/A,4.8,37,N/A,,,N/A
라이프,키친/다이닝,세트,https://image.sivillage.com/upload/C00001/goods/org/638/220623002688638.png?RS=450&SP=1&QT=20,JAJU,손이 편한 티스푼 5P,N/A,N/A,N/A,4.8,85,N/A,,,N/A
라이프,키친/다이닝,세트,https://image.sivillage.com/upload/C00001/s3/goods/org/075/240207008841075.jpg?RS=450&SP=1&QT=20,JAJU,황동 수세미_2P,N/A,N/A,N/A,4.8,57,N/A,,,N/A
라이프,키친/다이닝,세트,https://image.sivillage.com/upload/C00001/s3/goods/org/989/240207008840989.jpg?RS=450&SP=1&QT=20,JAJU,미니병솔2P_30+28cm,N/A,N/A,N/A,4.8,40,N/A,,,N/A
라이프,키친/다이닝,세트,https://image.sivillage.com/upload/C00001/s3/goods/org/119/240206008816119.jpg?RS=450&SP=1&QT=20,JAJU,심플 와인 잔_2P,N/A,"12,500",30%,5,5,N/A,,,N/A
라이프,키친/다이닝,세트,https://image.sivillage.com/upload/C00001/s3/goods/org/527/240902030307527.jpg?RS=450&SP=1&QT=20,LE CREUSET,[단독추석세트] 베스트 무쇠 3종 세트(고메2.0/그릴/냄비),N/A,N/A,N/A,N/A,N/A,N/A,,,N/A
라이프,키친/다이닝,세트,https://image.sivillage.com/upload/C00001/s3/goods/org/978/240806026357978.jpg?RS=450&SP=1&QT=20,LE CREUSET,[쇼핑백증정] 르크루제 소르베 한식 2인 세트 (9P),N/A,N/A,N/A,N/A,N/A,N/A,,,N/A
라이프,키친/다이닝,세트,https://image.sivillage.com/upload/C00001/goods/org/625/231114007035625.jpg?RS=450&SP=1&QT=20,LE CREUSET,[르크루제] 한식 2인 세트 (7P)-머랭,N/A,"271,200",20%,5,9,N/A,,,세일
라이프,키친/다이닝,세트,https://image.sivillage.com/upload/C00001/goods/org/518/230302004336518.jpg?RS=450&SP=1&QT=20,LE CREUSET,[르크루제] 소르베 티플레이트 6P세트,N/A,"222,600",30%,5,8,N/A,,,세일
라이프,키친/다이닝,세트,https://image.sivillage.com/upload/C00001/goods/org/132/230106003783132.jpg?RS=450&SP=1&QT=20,ITALESSE,이탈레쎄 벌룬 매그넘 플루트 2PCS,N/A,N/A,N/A,N/A,N/A,N/A,,,N/A
라이프,키친/다이닝,세트,https://image.sivillage.com/upload/C00001/s3/goods/org/575/240604019651575.jpg?RS=450&SP=1&QT=20,HERITER,[헤리터x이도] 포터리 2인 세트 크림 (11pcs),N/A,N/A,N/A,N/A,N/A,N/A,,,N/A
라이프,키친/다이닝,세트,https://image.sivillage.com/upload/C00001/s3/goods/org/197/240604019656197.jpg?RS=450&SP=1&QT=20,HERITER,헤리터 스탠다드 중식도+식과도 세트,N/A,N/A,N/A,5,1,N/A,,,N/A
라이프,키친/다이닝,세트,https://image.sivillage.com/upload/C00001/s3/goods/org/432/240508016060432.jpg?RS=450&SP=1&QT=20,ODENSE,OD_누프레임 4인조 20p (화이트),N/A,N/A,N/A,5,1,N/A,,,N/A
라이프,키친/다이닝,세트,https://image.sivillage.com/upload/C00001/s3/goods/org/648/240508016072648.jpg?RS=450&SP=1&QT=20,ODENSE,OD_누프레임 4인조 20p,N/A,N/A,N/A,5,2,N/A,,,N/A
라이프,키친/다이닝,세트,https://image.sivillage.com/upload/C00001/s3/goods/org/046/240621022296046.png?RS=450&SP=1&QT=20,PRINT BAKERY,"노은님, 프리미엄 디저트 풀박스 세트",N/A,N/A,N/A,N/A,N/A,N/A,,,N/A
라이프,키친/다이닝,세트,https://image.sivillage.com/upload/C00001/goods/org/842/230609005389842.jpg?RS=450&SP=1&QT=20,ODENSE,OD_시손느 한식기 4인조 20P,N/A,N/A,N/A,5,9,N/A,,,N/A
라이프,키친/다이닝,세트,https://image.sivillage.com/upload/C00001/goods/org/328/230602005352328.jpg?RS=450&SP=1&QT=20,ODENSE,OD_누프레임 F세트 11P (양식기 2인 SET),N/A,N/A,N/A,5,2,N/A,,,N/A
라이프,키친/다이닝,세트,https://image.sivillage.com/upload/C00001/goods/org/871/230203004017871.jpg?RS=450&SP=1&QT=20,ODENSE,OD_노드 4인조 20P,N/A,N/A,N/A,4.2,5,N/A,,,N/A
라이프,키친/다이닝,세트,https://image.sivillage.com/upload/C00001/goods/org/131/230106003783131.jpg?RS=450&SP=1&QT=20,ITALESSE,이탈레쎄 에톨레 블랑 엑셀렌체 2PCS,N/A,N/A,N/A,N/A,N/A,N/A,,,N/A
라이프,키친/다이닝,세트,https://image.sivillage.com/upload/C00001/goods/org/136/230106003783136.jpg?RS=450&SP=1&QT=20,ITALESSE,이탈레쎄 마스터클래스 90 엑셀렌체 2PCS,N/A,N/A,N/A,N/A,N/A,N/A,,,N/A
라이프,키친/다이닝,세트,https://image.sivillage.com/upload/C00001/goods/org/082/230817005995082.jpg?RS=450&SP=1&QT=20,LE CREUSET,[르크루제] 북유럽 컬렉션 플라워접시19cm 5P 세트,N/A,"238,500",10%,N/A,N/A,N/A,,,세일
라이프,키친/다이닝,세트,https://image.sivillage.com/upload/C00001/goods/org/027/230817005996027.jpg?RS=450&SP=1&QT=20,LE CREUSET,[르크루제] 북유럽 컬렉션 간편 세트(3P)-피그&쉘핑크,N/A,"200,700",10%,5,2,N/A,"https://image.sivillage.com/upload/C00001/goods/color/color_120024_210702161935.jpg,https://image.sivillage.com/upload/C00001/upload1/product/colorChip/13_02_%EB%9D%BC%EC%9D%B4%ED%8A%B8_%ED%95%91%ED%81%AC.png,https://image.sivillage.com/upload/C00001/upload1/product/colorChip/02_02_%EB%9D%BC%EC%9D%B4%ED%8A%B8_%EA%B7%B8%EB%A0%88%EC%9D%B4.png,https://image.sivillage.com/upload/C00001/goods/color/0000624.png","피그,라이트 핑크,라이트 그레이,마린",세일
라이프,키친/다이닝,세트,https://image.sivillage.com/upload/C00001/goods/org/601/230302004335601.jpg?RS=450&SP=1&QT=20,LE CREUSET,[르크루제] 소르베 밥그릇 4p +국그릇 4p,N/A,"280,000",30%,5,15,N/A,,,세일
라이프,키친/다이닝,세트,https://image.sivillage.com/upload/C00001/s3/goods/org/414/240620022131414.jpg?RS=450&SP=1&QT=20,TEFAL,테팔 인덕션 티타늄2X 데일리엑스퍼트 프라이팬 5종(팬20+팬28+팬32+웍28+유리뚜껑28),N/A,"210,900",20%,5,4,N/A,,,N/A
라이프,키친/다이닝,세트,https://image.sivillage.com/upload/C00001/goods/org/369/230316004485369.jpg?RS=450&SP=1&QT=20,LE CREUSET,[르크루제] 플라워 소르베 한식 2인 세트(8P),N/A,"274,400",30%,N/A,N/A,N/A,,,세일
라이프,키친/다이닝,세트,https://image.sivillage.com/upload/C00001/goods/org/573/230906006154573.jpg?RS=450&SP=1&QT=20,ZWILLING,[즈윌링] 올스타 7P 블록 세트 크롬실버 HK1024156,N/A,"594,000",27%,N/A,N/A,N/A,,,세일
라이프,키친/다이닝,세트,https://image.sivillage.com/upload/C00001/goods/org/571/230906006154571.jpg?RS=450&SP=1&QT=20,ZWILLING,[즈윌링] 올스타 2P 세트 크롬실버 (산토쿠+가위) HK1023856,N/A,"219,000",27%,N/A,N/A,N/A,,,세일
라이프,키친/다이닝,세트,https://image.sivillage.com/upload/C00001/goods/org/231/220725002852231.jpg?RS=450&SP=1&QT=20,WEDGWOOD,르네상스골드 2인 티세트 A,N/A,"372,400",30%,N/A,N/A,N/A,,,세일
라이프,키친/다이닝,세트,https://image.sivillage.com/upload/C00001/goods/org/612/220725002853612.jpg?RS=450&SP=1&QT=20,WEDGWOOD,르네상스골드 커피잔 2인조,N/A,"252,000",30%,5,4,N/A,,,세일
라이프,키친/다이닝,세트,https://image.sivillage.com/upload/C00001/goods/org/520/230316004485520.jpg?RS=450&SP=1&QT=20,LE CREUSET,[르크루제] 소르베 웨딩 풀 세트 (10P),N/A,"401,800",30%,5,1,N/A,,,세일
라이프,키친/다이닝,세트,https://image.sivillage.com/upload/C00001/s3/goods/org/484/231220007666484.jpg?RS=450&SP=1&QT=20,LE CREUSET,[르크루제] 소르베 한식 세트(7P)-쉬핑&코스탈,N/A,"263,200",30%,5,4,N/A,,,세일
라이프,키친/다이닝,세트,https://image.sivillage.com/upload/C00001/s3/goods/org/609/240110008014609.jpg?RS=450&SP=1&QT=20,LE CREUSET,시그니처 원형 그릴&직사각접시 -쉬폰핑크 (2P),N/A,"297,500",30%,N/A,N/A,N/A,,,세일
라이프,키친/다이닝,세트,https://image.sivillage.com/upload/C00001/goods/org/570/230906006154570.jpg?RS=450&SP=1&QT=20,ZWILLING,[즈윌링] 올스타 2P 세트 크롬실버 (패링+산토쿠) HK1023854,N/A,"261,000",26%,N/A,N/A,N/A,,,세일
라이프,키친/다이닝,세트,https://image.sivillage.com/upload/C00001/goods/org/217/220725002852217.jpg?RS=450&SP=1&QT=20,WEDGWOOD,르네상스골드 4피스 세트,N/A,"289,100",30%,N/A,N/A,N/A,,,세일
라이프,키친/다이닝,세트,https://image.sivillage.com/upload/C00001/s3/goods/org/858/240306009836858.jpg?RS=450&SP=1&QT=20,ZWILLING,[즈윌링] 올스타 산토쿠 18cm 크롬실버 HK1023916,N/A,"203,000",27%,N/A,N/A,N/A,,,세일
라이프,키친/다이닝,세트,https://image.sivillage.com/upload/C00001/goods/org/572/230906006154572.jpg?RS=450&SP=1&QT=20,ZWILLING,[즈윌링] 올스타 6P 블록 세트 크롬실버 (산토쿠+셰프) HK1023847,N/A,"563,000",26%,N/A,N/A,N/A,,,세일
라이프,키친/다이닝,세트,https://image.sivillage.com/upload/C00001/goods/org/623/220725002853623.jpg?RS=450&SP=1&QT=20,WEDGWOOD,르네상스레드 커피잔 2인조,N/A,"252,000",30%,N/A,N/A,N/A,,,세일
라이프,키친/다이닝,세트,https://image.sivillage.com/upload/C00001/goods/org/221/220725002852221.jpg?RS=450&SP=1&QT=20,WEDGWOOD,르네상스골드 2인 티세트 D,N/A,"389,200",30%,N/A,N/A,N/A,,,세일
라이프,키친/다이닝,세트,https://image.sivillage.com/upload/C00001/goods/org/230/220725002852230.jpg?RS=450&SP=1&QT=20,WEDGWOOD,르네상스골드 2인 티세트 B,N/A,"397,600",30%,N/A,N/A,N/A,,,세일
라이프,키친/다이닝,세트,https://image.sivillage.com/upload/C00001/s3/goods/org/483/231220007666483.jpg?RS=450&SP=1,LE CREUSET,[르크루제] 소르베 한식 세트(7P)-엘리제&쿨민트,N/A,"263,200",30%,5,1,N/A,,,세일
라이프,키친/다이닝,세트,https://image.sivillage.com/upload/C00001/s3/goods/org/112/240416013929112.jpg?RS=450&SP=1,LE CREUSET,[쇼핑백증정/정가35만원대] 소르베 한식 2인 세트 (7P),N/A,"245,700",30%,5,1,N/A,,,세일
라이프,키친/다이닝,세트,https://image.sivillage.com/upload/C00001/goods/org/308/220830003032308.jpg?RS=450&SP=1,WEDGWOOD,[시마을 단독세트] 원더러스트 티타임 세트 (메나쥬리),N/A,"169,400",30%,5,1,N/A,,,세일
라이프,키친/다이닝,세트,https://image.sivillage.com/upload/C00001/goods/org/093/230117003861093.jpg?RS=450&SP=1,LSA,LSA 홀로그램 오로라 텀블러 4P 세트,LSA,"110,880",10%,N/A,N/A,N/A,,,세일
라이프,키친/다이닝,세트,https://image.sivillage.com/upload/C00001/s3/goods/org/404/240408013196404.jpg?RS=450&SP=1,ODENSE,OD_레고트 2인조 11P (신규 구성),N/A,N/A,N/A,4.8,19,N/A,,,N/A
라이프,키친/다이닝,세트,https://image.sivillage.com/upload/C00001/goods/org/550/230117003861550.jpg?RS=450&SP=1,LSA,LSA 홀로그램 오로라 벌룬와인 2P 세트,LSA,"160,560",10%,N/A,N/A,N/A,,,세일
라이프,키친/다이닝,세트,https://image.sivillage.com/upload/C00001/goods/org/635/230718005744635.jpg?RS=450&SP=1,STAUB,[스타우브] 세라믹 보울 4P 세트 14cm 체리 ST40508-146,N/A,"146,000",4%,N/A,N/A,N/A,,,세일
라이프,키친/다이닝,세트,https://image.sivillage.com/upload/C00001/goods/org/808/220412002290808.jpg?RS=450&SP=1,AURUT,(각인가능)마호가니 유기둥근잔세트(2p),N/A,N/A,N/A,N/A,N/A,N/A,,,N/A
라이프,키친/다이닝,세트,https://image.sivillage.com/upload/C00001/s3/goods/org/355/240531019083355.jpg?RS=450&SP=1&QT=20,CASAMIA,올스텐 식기건조대 대형,N/A,N/A,N/A,N/A,N/A,N/A,,,N/A
라이프,키친/다이닝,세트,https://image.sivillage.com/upload/C00001/goods/org/709/221206003615709.jpg?RS=450&SP=1&QT=20,ZWILLING,[즈윌링] 파이브 스타 2P 세트(패링+셰프) HK30142-000,N/A,"240,000",35%,5,14,N/A,,,세일
라이프,키친/다이닝,세트,https://image.sivillage.com/upload/C00001/goods/org/285/230117003861285.jpg?RS=450&SP=1&QT=20,LSA,LSA 홀로그램 오로라 화이트와인 4P 세트,LSA,"134,740",10%,N/A,N/A,N/A,,,세일
라이프,키친/다이닝,세트,https://image.sivillage.com/upload/C00001/goods/org/710/221206003615710.jpg?RS=450&SP=1&QT=20,ZWILLING,[즈윌링] 파이브 스타 2P 세트(패링+산토쿠) HK30144-000,N/A,"240,000",35%,5,21,N/A,,,세일
라이프,키친/다이닝,세트,https://image.sivillage.com/upload/C00001/goods/org/819/220413002297819.jpg?RS=450&SP=1&QT=20,AURUT,물고기 머그컵세트,N/A,N/A,N/A,N/A,N/A,N/A,,,N/A
라이프,키친/다이닝,세트,https://image.sivillage.com/upload/C00001/goods/org/171/230817005995171.jpg?RS=450&SP=1&QT=20,LE CREUSET,[르크루제] 북유럽 카술레 서빙볼 2P세트,N/A,N/A,N/A,N/A,N/A,N/A,,,N/A
라이프,키친/다이닝,세트,https://image.sivillage.com/upload/C00001/goods/org/649/220413002298649.jpg?RS=450&SP=1&QT=20,AURUT,(각인가능)마호가니 유기소주잔(2p),N/A,N/A,N/A,N/A,N/A,N/A,,,N/A
라이프,키친/다이닝,세트,https://image.sivillage.com/upload/C00001/goods/org/268/230920006431268.jpg?RS=450&SP=1&QT=20,ZWILLING,[즈윌링] 파이브스타 플러스 6P 블록 세트 HK1027720,N/A,"475,000",37%,N/A,N/A,N/A,,,세일
라이프,키친/다이닝,세트,https://image.sivillage.com/upload/C00001/goods/org/055/220624002698055.jpg?RS=450&SP=1&QT=20,CASAMIA,까사미아 노스텔지아2 4인세트 18P,N/A,N/A,N/A,5,1,N/A,,,N/A
라이프,키친/다이닝,세트,https://image.sivillage.com/upload/C00001/goods/org/172/230817005995172.jpg?RS=450&SP=1&QT=20,LE CREUSET,[르크루제] 북유럽 찬기(중)4P세트,N/A,"154,800",10%,5,1,N/A,,,세일
라이프,키친/다이닝,세트,https://image.sivillage.com/upload/C00001/goods/org/434/230117003861434.jpg?RS=450&SP=1&QT=20,LSA,LSA 홀로그램 오로라 레드와인 4P 세트,LSA,"134,740",10%,5,1,N/A,,,세일
라이프,키친/다이닝,세트,https://image.sivillage.com/upload/C00001/goods/org/365/230117003861365.jpg?RS=450&SP=1&QT=20,LSA,LSA 홀로그램 오로라 샴페인 4P 세트,LSA,"134,740",10%,5,1,N/A,,,세일
라이프,키친/다이닝,세트,https://image.sivillage.com/upload/C00001/s3/goods/org/084/240604019656084.jpg?RS=450&SP=1&QT=20,HERITER,헤리터 키네틱 키친행거 2세트,N/A,N/A,N/A,N/A,N/A,N/A,,,N/A
라이프,키친/다이닝,세트,https://image.sivillage.com/upload/C00001/goods/org/795/230203004017795.jpg?RS=450&SP=1&QT=20,ODENSE,OD_노드 2인조 10P,N/A,N/A,N/A,5,4,N/A,,,N/A
라이프,키친/다이닝,세트,https://image.sivillage.com/upload/C00001/goods/org/700/230718005741700.jpg?RS=450&SP=1&QT=20,STAUB,[스타우브] 세라믹 보울 4P 세트 14cm 그레이 ST40508-148,N/A,"146,000",4%,N/A,N/A,N/A,,,세일
라이프,키친/다이닝,세트,https://image.sivillage.com/upload/C00001/goods/org/639/220413002298639.jpg?RS=450&SP=1&QT=20,AURUT,마호가니유기 커트러리세트,N/A,N/A,N/A,N/A,N/A,N/A,,,N/A
라이프,키친/다이닝,세트,https://image.sivillage.com/upload/C00001/goods/org/501/230302004339501.jpg?RS=450&SP=1&QT=20,LE CREUSET,[르크루제] 로고 파스타볼 2P세트,N/A,N/A,N/A,4.3,6,N/A,,,N/A
라이프,키친/다이닝,세트,https://image.sivillage.com/upload/C00001/goods/org/094/230817005995094.jpg?RS=450&SP=1&QT=20,LE CREUSET,[르크루제] 북유럽 컬렉션 플라워접시14cm 5P 세트,N/A,"184,500",10%,N/A,N/A,N/A,,,세일
라이프,키친/다이닝,세트,https://image.sivillage.com/upload/C00001/s3/goods/org/222/240318011301222.jpg?RS=450&SP=1&QT=20,LE CREUSET,로고 파스타볼 2P세트,N/A,"105,000",30%,5,7,N/A,,,세일
라이프,키친/다이닝,세트,https://image.sivillage.com/upload/C00001/s3/goods/org/192/240520017591192.jpg?RS=450&SP=1&QT=20,TEFAL,테팔 매직핸즈 딜라이트 인덕션 프라이팬 멀티 6종세트,N/A,"148,900",13%,5,13,N/A,,,세일
라이프,키친/다이닝,세트,https://image.sivillage.com/upload/C00001/goods/org/103/230119003901103.jpg?RS=450&SP=1&QT=20,TEFAL,테팔 엑스엘 인텐스 프라이팬 3종세트 (팬24+팬28+웍28) / 티타늄2X,N/A,"116,900",20%,5,5,N/A,,,세일
라이프,키친/다이닝,세트,https://image.sivillage.com/upload/C00001/s3/goods/org/271/240520017591271.jpg?RS=450&SP=1&QT=20,TEFAL,테팔 매직핸즈 엑스엘 포스 레드코랄 볶음팬 멀티6P,N/A,"109,900",13%,5,5,N/A,,,세일
라이프,키친/다이닝,세트,https://image.sivillage.com/upload/C00001/goods/org/172/230801005866172.jpg?RS=450&SP=1&QT=20,LE CREUSET,[르크루제] 모던 대접시 세트(3P)-머랭,N/A,"160,000",20%,4.5,2,N/A,,,세일
라이프,키친/다이닝,세트,https://image.sivillage.com/upload/C00001/goods/org/599/230119003900599.jpg?RS=450&SP=1&QT=20,TEFAL,테팔 내츄럴포스 인덕션 프라이팬 2종세트 (팬24+팬28),N/A,"107,900",12%,N/A,N/A,N/A,,,세일
라이프,키친/다이닝,세트,https://image.sivillage.com/upload/C00001/s3/goods/org/672/240618021730672.jpg?RS=450&SP=1&QT=20,TEFAL,[NEW]테팔 인덕션 티타늄2X 데일리 엑스퍼트 2종(팬24+웍28),N/A,"109,900",17%,N/A,N/A,N/A,,,N/A
라이프,키친/다이닝,세트,https://image.sivillage.com/upload/C00001/s3/goods/org/670/240618021730670.jpg?RS=450&SP=1&QT=20,TEFAL,[NEW]테팔 인덕션 티타늄2X 데일리 엑스퍼트 2종(팬24+팬32),N/A,"108,400",16%,5,2,N/A,,,N/A
라이프,키친/다이닝,세트,https://image.sivillage.com/upload/C00001/s3/goods/org/669/240618021730669.jpg?RS=450&SP=1&QT=20,TEFAL,[NEW]테팔 인덕션 티타늄2X 데일리 엑스퍼트 2종(팬24+팬28),N/A,"101,900",16%,5,1,N/A,,,N/A
라이프,키친/다이닝,세트,https://image.sivillage.com/upload/C00001/s3/goods/org/822/240620022124822.jpg?RS=450&SP=1&QT=20,TEFAL,테팔 인덕션 티타늄2X 데일리엑스퍼트 3종세트 (팬28+팬32+웍28)+사은품 휘게파스타볼2p,N/A,"160,900",18%,5,2,N/A,,,N/A
라이프,키친/다이닝,세트,https://image.sivillage.com/upload/C00001/goods/org/648/220413002298648.jpg?RS=450&SP=1&QT=20,AURUT,(각인가능)유기 둥근잔세트(2p),N/A,N/A,N/A,N/A,N/A,N/A,,,N/A
라이프,키친/다이닝,세트,https://image.sivillage.com/upload/C00001/s3/goods/org/979/240806026357979.jpg?RS=450&SP=1&QT=20,LE CREUSET,스태커블 라메킨 2P세트,N/A,N/A,N/A,5,1,N/A,,,N/A
라이프,키친/다이닝,세트,https://image.sivillage.com/upload/C00001/goods/org/961/230116003857961.jpg?RS=450&SP=1&QT=20,SABRE,사브르 비스트로 커트러리 디너세트 블랙,N/A,"50,670",10%,5,5,N/A,,,세일
라이프,키친/다이닝,세트,https://image.sivillage.com/upload/C00001/s3/goods/org/862/240312010663862.jpg?RS=450&SP=1&QT=20,LE CREUSET,[르크루제] 시리얼볼 16cm 4P세트-파스텔,N/A,"182,000",30%,N/A,N/A,N/A,,,세일
라이프,키친/다이닝,세트,https://image.sivillage.com/upload/C00001/goods/org/249/221111003486249.jpg?RS=450&SP=1&QT=20,AMT,"AMT 316Ti스텐 샤프 2종세트(편수16,전골24)",N/A,"360,800",56%,N/A,N/A,N/A,,,세일
라이프,키친/다이닝,세트,https://image.sivillage.com/upload/C00001/goods/org/767/230303004356767.jpg?RS=450&SP=1&QT=20,LE CREUSET,[르크루제] 티팟세트SS-머랭,N/A,"105,000",30%,5,4,N/A,"https://image.sivillage.com/upload/C00001/upload1/product/colorChip/05_02_%EB%9D%BC%EC%9D%B4%ED%8A%B8_%EB%B2%A0%EC%9D%B4%EC%A7%80.png,https://image.sivillage.com/upload/C00001/upload1/product/colorChip/09_02_%EB%9D%BC%EC%9D%B4%ED%8A%B8_%EA%B7%B8%EB%A6%B0.png,https://image.sivillage.com/upload/C00001/upload1/product/colorChip/13_01_%ED%95%91%ED%81%AC.png","라이트 베이지,라이트 그린,핑크",세일
라이프,키친/다이닝,세트,https://image.sivillage.com/upload/C00001/goods/org/880/230302004342880.jpg?RS=450&SP=1&QT=20,LE CREUSET,[르크루제] 스톤웨어 티세트-로즈,N/A,"140,000",30%,5,4,N/A,"https://image.sivillage.com/upload/C00001/goods/color/color_070264_221229003711.jpg,https://image.sivillage.com/upload/C00001/upload1/product/colorChip/10_05_%ED%84%B0%EC%BD%B0%EC%9D%B4%EC%A6%88.png,https://image.sivillage.com/upload/C00001/upload1/product/colorChip/10_02_%EB%9D%BC%EC%9D%B4%ED%8A%B8_%EB%B8%94%EB%A3%A8.png","로즈,터콰이즈,라이트 블루",세일
라이프,키친/다이닝,세트,https://image.sivillage.com/upload/C00001/goods/org/503/230329004595503.jpg?RS=450&SP=1&QT=20,LE CREUSET,[르크루제] 하트 우드 트레이 & 푸드픽 세트 -소르베핑크,N/A,"119,000",30%,N/A,N/A,N/A,,,세일
